Time:                    RO:
0.0                        1.1723206366827938E10
0.001                        2.7989992715492813E10
0.002                        1.9086978241442108E11
0.003                        4.095980283176426E11
0.004                        6.044651362707759E11
0.005                        7.468134281972828E11
0.006                        7.981173258212981E11
0.007                        1.2647447699032935E12
0.008                        1.2845169872739895E12
0.009000000000000001                        2.0911368675953347E12
0.0                        2.123335239780078E12
0.001                        2.1645560881483062E12
0.002                        2.234055493839438E12
0.003                        2.560366372601481E12
0.004                        2.594879553217935E12
0.005                        2.739484848366284E12
0.006                        3.1771520523321436E12
0.007                        3.2479212697204297E12
0.008                        3.739091144944965E12
0.009000000000000001                        4.2851245433604604E12
0.0                        4.3082775923989556E12
0.001                        4.398657691499491E12
0.002                        4.6522586648758125E12
0.003                        4.823943200659593E12
0.004                        4.948098482555379E12
0.005                        5.438428312578428E12
0.006                        5.963203498522546E12
0.007                        6.189920002552309E12
0.008                        6.524659966224619E12
0.009000000000000001                        7.228726522149895E12
0.0                        7.270008728098984E12
0.001                        7.398807849805396E12
0.002                        7.497113234026496E12
0.003                        7.615691584829181E12
0.004                        7.707865253355637E12
0.005                        8.047163709857292E12
0.006                        8.322210419432699E12
0.007                        8.808642077226787E12
0.008                        9.023262834816363E12
0.009000000000000001                        9.221095970024068E12
0.0                        7.975552085102333E10
0.001                        1.0927744536390947E11
0.002                        2.1425743465360144E11
0.003                        3.922326389910882E11
0.004                        4.832074819311234E11
0.0                        5.4833496074192523E11
0.001                        6.195876269548134E11
0.002                        8.397802182193013E11
0.003                        1.1348171100054812E12
0.004                        1.5338596376445715E12
0.0                        1.5903442529756833E12
0.001                        1.650078594256724E12
0.002                        1.8383422728972673E12
0.003                        2.064587375654964E12
0.004                        2.273543434937044E12
0.0                        2.284506652605155E12
0.001                        2.356605709692353E12
0.002                        2.4671036752856567E12
0.003                        2.7905418431302876E12
0.004                        3.1224198306423784E12
0.0                        3.1655298881929736E12
0.001                        3.240113879825751E12
0.002                        3.267587590618834E12
0.003                        3.4382331736975E12
0.004                        3.631872740465307E12
0.0                        3.6361545737161826E12
0.001                        3.761337698765054E12
0.0                        3.7639019034405513E12
0.001                        3.8220749821376626E12
0.0                        3.8954257678588315E12
0.001                        4.0492008197101167E12
0.0                        4.065390965843043E12
0.001                        4.1774323596035034E12
0.0                        4.2458225659634604E12
0.001                        4.3577607323616167E12
0.0                        4.378261469940664E12
0.001                        4.483558793107996E12
0.0                        4.488602562904686E12
0.001                        4.650215040409288E12
0.0                        4.703956875153753E12
0.001                        4.833501708722454E12
0.0                        4.900172182123638E12
0.001                        5.037853275333377E12
0.0                        5.053779283805231E12
0.001                        5.08500777322539E12
0.0                        5.087735070880803E12
0.001                        5.093552087422297E12
0.0                        5.11500734259263E12
0.001                        5.253222856143657E12
0.0                        5.281505564559694E12
0.001                        5.346489254636498E12
0.002                        5.44137207268576E12
0.003                        5.634083389760706E12
0.004                        5.796470673351377E12
0.0                        5.831824444760899E12
0.001                        5.952133309411288E12
0.002                        6.201340469081443E12
0.003                        6.498234865852013E12
0.004                        6.539529969948492E12
0.0                        6.570102450833599E12
0.001                        6.590482345275817E12
0.002                        6.73133576890349E12
0.003                        6.880315793563143E12
0.004                        6.96918640943452E12
0.0                        6.996008351976542E12
0.001                        7.109347465890827E12
0.002                        7.1571400369215625E12
0.003                        7.139860344834293E12
0.004                        7.140073712903222E12
0.0                        7.151950577345888E12
0.001                        7.050080818168406E12
0.002                        7.075136537898832E12
0.003                        7.235001207364378E12
0.004                        7.532550555212273E12
0.0                        7.462571389887211E12
0.001                        7.344158439154962E12
0.002                        7.43163743066955E12
0.003                        7.532570154571684E12
0.004                        7.804795721933466E12
0.0                        7.726589058461331E12
0.001                        7.73774552051043E12
0.002                        7.927073004511188E12
0.003                        8.007880337489577E12
0.004                        8.12806911650536E12
0.0                        8.1072434472228955E12
0.001                        8.147255518933169E12
0.002                        8.014047824354066E12
0.003                        8.272028176948613E12
0.004                        8.359711704426464E12
0.0                        8.3830100025319795E12
0.001                        8.440222733644279E12
0.002                        8.64933774815806E12
0.003                        8.630201105869875E12
0.004                        8.952487987490322E12
0.0                        8.84643567897058E12
0.001                        8.858939001801463E12
0.002                        8.863548844190637E12
0.003                        9.093625083678684E12
0.004                        9.42469554484149E12
0.0                        9.475426588040021E12
0.001                        9.554431780351465E12
0.002                        9.461187380168082E12
0.003                        9.299252092746139E12
0.004                        9.48374363279736E12
0.0                        9.423140352391646E12
0.001                        9.289876391876352E12
0.002                        9.302922775146775E12
0.003                        9.526654157559947E12
0.004                        9.525187622091781E12
0.0                        9.422714306118225E12
0.001                        9.241866553467312E12
0.002                        9.269210428486414E12
0.003                        9.317309251986406E12
0.004                        9.69547705633714E12
0.0                        4.463128103398988E10
0.001                        4.93187903905032E10
0.002                        5.260413329984692E10
0.003                        9.505108140977519E10
0.004                        5.104351637853516E11
0.005                        5.118561705066341E11
0.006                        1.0173578562602334E12
0.007                        1.2881893125940242E12
0.008                        1.4809113089185835E12
0.009000000000000001                        1.970730745430057E12
0.01                        1.989111034991898E12
0.011                        2.33725217462879E12
0.012                        2.4270265050803716E12
0.013000000000000001                        3.208507433807056E12
0.014                        3.5517263368673574E12
0.015                        4.33316980412238E12
0.016                        5.677141594275143E12
0.017                        6.336506974114073E12
0.018000000000000002                        6.70179355869991E12
0.019                        7.4518869130799375E12
0.02                        7.740079490177183E12
0.021                        9.055885335777607E12
0.022                        9.845271893361916E12
0.023                        1.1037201327403443E13
0.024                        1.229551568342535E13
0.025                        1.3313032658924816E13
0.026000000000000002                        1.3606581502689951E13
0.027                        1.5111082699449092E13
0.028                        1.6299540731196002E13
0.029                        1.6187803477653521E13
0.0                        3.17933463288247E10
0.001                        7.609341016473178E10
0.002                        2.9985614979402356E11
0.003                        3.889741722831862E11
0.004                        7.077589984239617E11
0.005                        1.1622637580856367E12
0.006                        1.334491153999419E12
0.007                        1.7799279733692302E12
0.008                        2.1408441786984014E12
0.009000000000000001                        2.338831289815833E12
0.01                        2.77438663848044E12
0.011                        3.434749430774567E12
0.012                        4.412096787982781E12
0.013000000000000001                        4.469228976113955E12
0.014                        4.619864825167442E12
0.015                        4.871961307187394E12
0.016                        4.965426976453331E12
0.017                        5.492444136563198E12
0.018000000000000002                        5.674742046859037E12
0.019                        7.0575240414822295E12
0.02                        7.212971452763946E12
0.021                        8.726288605132236E12
0.022                        9.413720655088184E12
0.023                        1.0291098631181072E13
0.024                        1.1114431764443844E13
0.025                        1.1567758342630955E13
0.026000000000000002                        1.2060720447195104E13
0.027                        1.2285186078581762E13
0.028                        1.3087615742381588E13
0.029                        1.4167123883506018E13
0.0                        1.3905937712859562E13
0.001                        1.3888929349001584E13
0.002                        1.3894207992678555E13
0.003                        1.370172429643625E13
0.004                        1.3619704570422488E13
0.005                        1.3773409111405318E13
0.006                        1.3824137630282186E13
0.007                        1.3655551480300055E13
0.008                        1.3564612963258898E13
0.009000000000000001                        1.4115393625557885E13
0.01                        1.4578964385777828E13
0.011                        1.5041517516293328E13
0.012                        1.5665371179848623E13
0.013000000000000001                        1.5859472789793102E13
0.014                        1.558421839790116E13
0.015                        1.6499691797253035E13
0.016                        1.6285819120918611E13
0.017                        1.7185803536418342E13
0.018000000000000002                        1.762355121805923E13
0.0                        2.0999643804737904E10
0.001                        6.6626876209316605E10
0.002                        2.3224382764937933E11
0.003                        3.046735584485852E11
0.004                        3.675486763059162E11
0.005                        7.529569948921165E11
0.006                        1.3384148280335728E12
0.007                        1.368830910258222E12
0.008                        1.555764564755122E12
0.009000000000000001                        1.969294290069752E12
0.01                        2.211951799315159E12
0.011                        2.740529870113166E12
0.012                        3.580132817470738E12
0.013000000000000001                        4.432645619895961E12
0.014                        4.522068897525096E12
0.015                        5.3681380043375E12
0.016                        5.564370999336975E12
0.017                        6.886066179482946E12
0.018000000000000002                        7.529593950132247E12
0.019                        8.559503661665666E12
0.0                        8.568969556120241E12
0.001                        8.496808953175182E12
0.002                        8.30788429431785E12
0.003                        8.460645183857035E12
0.004                        8.613775273306438E12
0.0                        8.5647380268647705E12
0.001                        8.436228889885262E12
0.0                        8.347334596878602E12
0.001                        8.330734120832843E12
0.0                        8.226256784891169E12
0.001                        8.180709672360221E12
0.0                        7.977604313544737E12
0.001                        7.960706012510489E12
0.0                        7.90373981356796E12
0.001                        7.843039657673557E12
0.0                        7.69155352157962E12
0.001                        7.659506084683623E12
0.0                        7.678138149794778E12
0.001                        7.6426289294309375E12
0.0                        7.704217618042782E12
0.001                        7.584218590993697E12
0.0                        7.480909691410511E12
0.001                        7.42495875096916E12
0.0                        7.381243768300296E12
0.001                        7.301715301086445E12
0.0                        7.211474393652793E12
0.001                        7.151202460043197E12
0.0                        7.171582903904178E12
0.001                        7.238651856554472E12
0.0                        5.047609915115897E10
0.001                        1.2302735700011557E11
0.002                        1.959719531674878E11
0.003                        2.94533338417279E11
0.004                        3.048925611338718E11
0.005                        4.386597526733321E11
0.006                        6.876371194599E11
0.007                        9.391775693255669E11
0.008                        1.6583272288905652E12
0.009000000000000001                        2.0291609197739846E12
0.0                        2.0590884037763792E12
0.001                        2.0622173013958904E12
0.002                        2.24539843183318E12
0.003                        2.508340718745301E12
0.004                        2.8624410330927847E12
0.005                        3.076011352074459E12
0.006                        3.1025333716095996E12
0.007                        3.493865449577685E12
0.008                        4.1532557454411147E12
0.009000000000000001                        4.568472283177895E12
0.0                        4.648343050127169E12
0.001                        4.6709273010537E12
0.002                        4.724203120953347E12
0.003                        4.754246492938721E12
0.004                        5.053141885909548E12
0.005                        5.512360280340864E12
0.006                        5.953422887362385E12
0.007                        6.525319813648052E12
0.008                        6.61851764223198E12
0.009000000000000001                        7.432793864045586E12
0.0                        7.359862113535075E12
0.001                        7.309499451147272E12
0.002                        7.495593122476856E12
0.003                        7.601354454376913E12
0.004                        7.585250278932781E12
0.005                        7.856820484498793E12
0.006                        7.781964219691393E12
0.007                        7.743513192831114E12
0.008                        7.935428580275515E12
0.009000000000000001                        8.025530341924714E12
0.0                        7.98169000444471E12
0.001                        7.9882826234808E12
0.002                        7.851050159386399E12
0.003                        7.985500127958965E12
0.004                        8.063417114515553E12
0.005                        8.282816748675366E12
0.006                        8.221751824015944E12
0.007                        8.845366188228193E12
0.008                        8.643581553862895E12
0.009000000000000001                        9.23158729212754E12
0.0                        9.27316312313985E12
0.0                        9.305682527323258E12
0.0                        9.144216646735754E12
0.0                        9.030976168696646E12
0.0                        4.908923526395359E10
0.001                        1.2451827595673772E11
0.002                        1.3237561843491528E11
0.003                        3.1749672318162805E11
0.004                        5.61165167853814E11
0.005                        9.611735273280682E11
0.006                        1.2047455514257031E12
0.007                        1.5901188838869954E12
0.008                        1.6438517379374597E12
0.009000000000000001                        1.962550323512576E12
0.0                        1.9661454789256062E12
0.001                        2.036538095655335E12
0.002                        2.1900925574828901E12
0.003                        2.419221950841186E12
0.004                        2.4708847941717944E12
0.005                        2.519236565008035E12
0.006                        3.067683569666661E12
0.007                        3.6787298386917134E12
0.008                        3.9405226726242925E12
0.009000000000000001                        4.703825025693912E12
0.0                        4.750592438020357E12
0.001                        4.756881492796878E12
0.002                        4.836041852538335E12
0.003                        5.013489507317872E12
0.004                        5.128895703771421E12
0.0                        5.131457653560217E12
0.001                        5.208483631582716E12
0.002                        5.392030211379338E12
0.003                        5.715045278988097E12
0.004                        6.002430888690715E12
0.0                        6.040878259625132E12
0.001                        6.183357275428969E12
0.002                        6.396316590407423E12
0.003                        6.709642852595095E12
0.004                        6.768190975544208E12
0.0                        6.820227686789452E12
0.001                        6.855388213133702E12
0.002                        7.030038753371787E12
0.003                        7.175520060332596E12
0.004                        7.424978390930912E12
0.0                        7.337891858983239E12
0.001                        7.388613770815734E12
0.002                        7.40253652485294E12
0.003                        7.47074586631146E12
0.004                        7.555117319569393E12
0.0                        8.150930408571503E10
0.001                        1.2102055496200299E11
0.002                        2.6583345462772937E11
0.003                        5.79594254657715E11
0.004                        6.712744960475685E11
0.005                        8.921340475269974E11
0.006                        1.0147696816623474E12
0.007                        1.4071123230163933E12
0.008                        1.9992813390654995E12
0.009000000000000001                        2.1194333956337363E12
0.01                        2.279030732319841E12
0.011                        3.2341941490750386E12
0.012                        4.2642855991814756E12
0.013000000000000001                        5.039015712501744E12
0.014                        5.248112045621307E12
0.0                        5.276145076805088E12
0.001                        5.300682597207675E12
0.002                        5.503113295293386E12
0.003                        5.546908298526E12
0.004                        5.941667814944541E12
0.005                        6.349017667986979E12
0.006                        6.588377489726274E12
0.007                        6.698768975709885E12
0.008                        6.918379442087445E12
0.009000000000000001                        6.950997263579807E12
0.01                        7.004673078281339E12
0.011                        7.059160197983834E12
0.012                        7.474300731152582E12
0.013000000000000001                        7.67449989282023E12
0.014                        7.909499029249386E12
0.0                        7.924807298929039E12
0.001                        7.949856884852236E12
0.0                        7.858983687402974E12
0.001                        7.7857066329285E12
0.0                        7.7257472097501875E12
0.001                        7.659592111283397E12
0.0                        7.688325681317529E12
0.001                        7.706562470849272E12
0.0                        7.731397875928292E12
0.001                        7.7033943741308955E12
0.0                        7.606816628976253E12
0.001                        7.651509132059975E12
0.0                        7.498862361608811E12
0.001                        7.506825870726281E12
0.0                        7.5182387271311E12
0.001                        7.530093131638591E12
0.0                        7.422340617203976E12
0.001                        7.450463290093875E12
0.0                        7.365316095737062E12
0.001                        7.311423078803601E12
0.0                        7.274132798691423E12
0.001                        7.185291091133908E12
0.0                        7.035978145384584E12
0.001                        7.131212460281313E12
0.0                        6.966441499833783E12
0.001                        6.949216722701874E12
0.0                        7.003058035425933E12
0.001                        6.994981307797699E12
0.0                        8.509404010460217E10
0.001                        2.27920131642804E11
0.002                        4.5283142183699994E11
0.003                        5.910302805908105E11
0.004                        8.40627188555761E11
0.005                        1.194885839778081E12
0.006                        1.239048075611454E12
0.007                        1.5582264291730305E12
0.008                        2.0838330255904534E12
0.009000000000000001                        2.7162659326494604E12
0.0                        2.8017400117053345E12
0.001                        2.9655359468526855E12
0.002                        3.0696170356601855E12
0.003                        3.231194485032213E12
0.004                        3.527775688381273E12
0.005                        3.960030285971309E12
0.006                        4.3253106364261855E12
0.007                        4.662513446443576E12
0.008                        5.145101393674715E12
0.009000000000000001                        5.866054423687384E12
0.0                        5.876249620416119E12
0.001                        5.994933148893338E12
0.002                        6.110671895416309E12
0.003                        6.135762006089418E12
0.004                        6.347256856887748E12
0.005                        6.41297948524828E12
0.006                        6.497187843956579E12
0.007                        6.855180744943467E12
0.008                        7.022612421053927E12
0.009000000000000001                        7.665376108621582E12
0.0                        7.707894236214523E12
0.001                        7.547394243059011E12
0.002                        7.555730791416813E12
0.003                        7.665876943900786E12
0.004                        7.890938838644049E12
0.005                        8.149439528511524E12
0.006                        8.387414442923466E12
0.007                        8.722511337163325E12
0.008                        9.132992313017922E12
0.009000000000000001                        9.550720172803318E12
0.0                        5.601119358344781E10
0.001                        1.1580497625194547E11
0.002                        2.14406750847563E11
0.003                        5.219115206359885E11
0.004                        7.725379391529042E11
0.005                        9.8765040857672E11
0.006                        1.0087412213845596E12
0.007                        1.1837077521738767E12
0.008                        1.1905834374225962E12
0.009000000000000001                        1.4151622117900154E12
0.0                        1.4926847314197717E12
0.001                        1.529906613955884E12
0.002                        1.5912720650536892E12
0.003                        1.8356944064725474E12
0.004                        2.0890038750414404E12
0.005                        2.564041898080094E12
0.006                        2.8569056604862905E12
0.007                        3.165454920174918E12
0.008                        3.221547050536712E12
0.009000000000000001                        3.2725430960621343E12
0.0                        3.3024029034355664E12
0.001                        3.374138944544907E12
0.002                        3.4397527734573975E12
0.003                        3.5795067604201904E12
0.004                        3.6799466680226074E12
0.005                        4.066896126854836E12
0.006                        4.3572128183382983E12
0.007                        4.933593451435916E12
0.008                        5.275079506891912E12
0.009000000000000001                        5.929994619871421E12
0.0                        5.966839998167445E12
0.001                        6.039986635351957E12
0.002                        6.166668083083509E12
0.003                        6.255244911410427E12
0.004                        6.640392664854046E12
0.005                        7.035233269916225E12
0.006                        7.416987462703856E12
0.007                        7.505439436464087E12
0.008                        8.054996550082071E12
0.009000000000000001                        8.1655220564466455E12
0.0                        8.023589392595935E12
0.0                        8.052282654942615E12
0.0                        8.069625211721949E12
0.0                        7.938698529316771E12
0.0                        7.820362901780165E12
0.0                        3.652057206807901E9
0.001                        1.2437336514519942E11
0.002                        2.568505555289832E11
0.003                        3.4634716392105084E11
0.004                        3.812991475597775E11
0.005                        5.1450360439359766E11
0.006                        1.066851510091534E12
0.007                        1.2922414603880144E12
0.008                        1.550006266056081E12
0.009000000000000001                        1.5637988240563728E12
0.0                        1.6299135687050483E12
0.001                        1.676166505091648E12
0.002                        1.7107455051064116E12
0.003                        2.021657162700518E12
0.004                        2.263617976780253E12
0.005                        2.618122808399882E12
0.006                        3.1486637433217754E12
0.007                        3.355527327325928E12
0.008                        3.9569287700455405E12
0.009000000000000001                        4.4758858303607295E12
0.0                        4.558751281413014E12
0.001                        4.685650870535534E12
0.002                        4.705423479140754E12
0.003                        4.805035288797392E12
0.004                        4.91577406761678E12
0.0                        4.975564711424485E12
0.001                        5.000789097865531E12
0.002                        5.057865212068788E12
0.003                        5.26097160247312E12
0.004                        5.323240301580408E12
0.0                        5.345916204151423E12
0.001                        5.494677175006151E12
0.002                        5.675573779191022E12
0.003                        5.687747581391428E12
0.004                        5.825625037758305E12
0.0                        5.901297458267957E12
0.001                        5.915501860965819E12
0.002                        6.056899264570523E12
0.003                        6.210072256475064E12
0.004                        6.598419946296522E12
0.0                        6.62557917179002E12
0.001                        6.645558273115711E12
0.002                        6.770514757634834E12
0.003                        7.097406424925894E12
0.004                        7.402429939018111E12
0.0                        7.330114491940793E12
0.0                        7.40500374791515E12
0.0                        7.317552779267482E12
0.0                        7.293686883921658E12
0.0                        7.258858381822052E12
0.0                        7.214156981634659E12
0.0                        5.290231171680807E10
0.001                        7.47502576943536E10
0.002                        2.1654928547508316E11
0.003                        5.202803800875272E11
0.004                        6.898160471879602E11
0.005                        1.020531453550072E12
0.006                        1.267311668356896E12
0.007                        1.458341313137266E12
0.008                        2.0679204240909758E12
0.009000000000000001                        2.073944305183747E12
0.01                        2.0974576205487908E12
0.011                        2.641210580544416E12
0.012                        3.006388447258298E12
0.013000000000000001                        3.185261863715267E12
0.014                        4.276830450383738E12
0.0                        4.3309510651291157E12
0.001                        4.495605392240144E12
0.002                        4.654036910732847E12
0.003                        4.745385793151853E12
0.004                        4.872986547573599E12
0.005                        5.225837397448614E12
0.006                        5.555451853674284E12
0.007                        5.699508623324312E12
0.008                        6.044833603227923E12
0.009000000000000001                        6.729758235799599E12
0.0                        6.775350130863701E12
0.001                        6.94100375705823E12
0.002                        6.997498117764337E12
0.003                        7.154314170833249E12
0.004                        7.397427578518807E12
0.0                        7.393618391227595E12
0.001                        7.338814681750021E12
0.0                        7.26075844828102E12
0.001                        7.300358333872273E12
0.0                        7.25318153695398E12
0.001                        7.265433527352318E12
0.0                        7.309098830016313E12
0.001                        7.255007101590713E12
0.0                        7.179128568107169E12
0.001                        7.119397239486804E12
0.0                        5.534365296858575E10
0.001                        1.7987349544583133E11
0.002                        3.025407675220058E11
0.003                        6.18344833254262E11
0.004                        7.36764668237612E11
0.005                        9.718020903082175E11
0.006                        1.105492232733867E12
0.007                        1.4692636034178784E12
0.008                        1.7319509914664932E12
0.009000000000000001                        2.4114053249767954E12
0.01                        2.7054711810534937E12
0.011                        3.476572122438626E12
0.012                        4.525477670397239E12
0.013000000000000001                        5.651386192655635E12
0.014                        6.710393207808628E12
0.015                        7.063135397876805E12
0.016                        7.557220931696613E12
0.017                        8.777882745416136E12
0.018000000000000002                        8.811980841587518E12
0.019                        9.651312343953518E12
0.0                        9.48006236304736E12
0.0                        9.536322791228453E12
0.0                        2.0314293890438713E10
0.001                        1.706541196051512E11
0.002                        2.963812253269751E11
0.003                        4.019454314159382E11
0.004                        4.7486066675134064E11
0.005                        8.400299013356719E11
0.006                        1.3106001110053645E12
0.007                        1.6821936282334785E12
0.008                        2.4276247350254854E12
0.009000000000000001                        2.5410508131804414E12
0.01                        3.4035695717009307E12
0.011                        3.476755739421136E12
0.012                        3.685140092628688E12
0.013000000000000001                        3.878233309965907E12
0.014                        4.0115246048275234E12
0.015                        4.936340461255021E12
0.016                        5.641743847537503E12
0.017                        5.815921010831207E12
0.018000000000000002                        6.936691953803424E12
0.019                        7.338782731556436E12
0.0                        7.30323212589867E12
0.0                        7.218958996101303E12
0.0                        7.1303590495349795E12
0.0                        7.175563540317555E12
0.0                        7.19506208544662E12
0.0                        7.165157194027031E12
0.0                        2.1986505563933323E10
0.001                        7.443019811004974E10
0.002                        1.7241543780179892E11
0.003                        2.1417356716359302E11
0.004                        5.081907982577663E11
0.005                        6.805140339511329E11
0.006                        8.765924499677872E11
0.007                        1.496440751278519E12
0.008                        2.1476539481146807E12
0.009000000000000001                        2.58525743829327E12
0.01                        3.110151974768162E12
0.011                        3.491921121384258E12
0.012                        4.27025741923203E12
0.013000000000000001                        4.984339570280287E12
0.014                        6.192560613950354E12
0.015                        6.898640346203198E12
0.016                        7.943606237545727E12
0.017                        7.815558729093684E12
0.0                        5.46219653680877E10
0.001                        1.5804035330741324E11
0.002                        1.7888440223935883E11
0.003                        2.607396725662458E11
0.004                        4.3030871196715137E11
0.005                        6.890471572240054E11
0.006                        1.2423479055454324E12
0.007                        1.4733107770439312E12
0.008                        1.5480729702696E12
0.009000000000000001                        2.0743722354086934E12
0.01                        2.9263473650907197E12
0.011                        3.8086736364714243E12
0.012                        4.552699341404783E12
0.013000000000000001                        5.084538557481306E12
0.014                        6.018392157710097E12
0.0                        6.088516695770112E12
0.001                        6.251260385801292E12
0.002                        6.259180956851814E12
0.0                        6.268253634138596E12
0.001                        6.399023660325905E12
0.002                        6.411388486900668E12
0.0                        6.442090789199266E12
0.001                        6.554698727320947E12
0.002                        6.712144464508582E12
0.0                        6.779003167173725E12
0.001                        6.89999506002923E12
0.002                        7.08740137157835E12
0.0                        7.151903148971669E12
0.0                        7.168916372762282E12
0.0                        7.054045323948564E12
0.0                        6.951499044799455E12
0.0                        6.97531510324616E12
0.0                        6.942937988897397E12
0.0                        6.85055940369334E12
0.0                        6.862088568995387E12
0.0                        6.85084216260743E12
0.0                        2.76235183716877E10
0.001                        3.8326407906915474E10
0.002                        9.777164681781352E10
0.003                        1.6060658088564853E11
0.004                        2.9047704403888214E11
0.005                        7.180720273834125E11
0.006                        1.124459306785774E12
0.007                        1.4535098693816423E12
0.008                        2.1006600850876628E12
0.009000000000000001                        2.6015235895317705E12
0.01                        3.506844443615535E12
0.011                        3.522716655910093E12
0.012                        3.700332044185942E12
0.013000000000000001                        3.9406169971469556E12
0.014                        4.346716033911351E12
0.0                        4.425665495023801E12
0.001                        4.460760715599041E12
0.002                        4.5578446667661045E12
0.003                        4.769009973930354E12
0.004                        4.855308170967629E12
0.0                        4.869934716136231E12
0.001                        4.941569576929595E12
0.002                        4.94515136527982E12
0.003                        4.97045390899875E12
0.004                        5.357817881132282E12
0.0                        5.436618024157793E12
0.001                        5.487077483646565E12
0.002                        5.708838250835417E12
0.003                        5.882081501008641E12
0.004                        6.028839702105295E12
0.0                        6.094536645264361E12
0.0                        6.166596349956729E12
0.0                        6.169768451446336E12
0.0                        6.243428449352877E12
0.0                        6.268145865917738E12
0.0                        6.331789807465206E12
0.0                        6.332687249695998E12
0.0                        6.38277561823617E12
0.0                        6.398711641144748E12
0.0                        6.477048388382331E12
0.0                        6.521050799760802E12
0.0                        6.527544289328718E12
0.0                        6.574391017170737E12
0.0                        6.593975210453331E12
0.0                        6.609074806301472E12
0.0                        6.692276127533957E12
0.0                        6.693636825989692E12
0.0                        6.746847843096758E12
0.0                        6.808955535392346E12
0.0                        6.814879518040498E12
0.0                        6.873364769281902E12
0.0                        6.959284765977615E12
0.0                        6.987089341542544E12
0.0                        6.987733223566799E12
0.0                        7.049091874953315E12
0.0                        7.08581852529265E12
0.0                        7.126626405231527E12
0.0                        7.15789986120543E12
0.0                        7.165775620837698E12
0.0                        7.222421433776211E12
0.0                        7.210776129141947E12
0.0                        7.164743306537802E12
0.0                        7.016817890847515E12
0.0                        7.315478306063615E10
0.001                        8.119985265688704E10
0.002                        1.5397209211363678E11
0.003                        4.8272981160744806E11
0.004                        6.61440153106562E11
0.005                        1.0820535125968861E12
0.006                        1.149837395397954E12
0.007                        1.7373526186874307E12
0.008                        1.9681842678607888E12
0.009000000000000001                        2.1662623360338286E12
0.01                        2.832986216808417E12
0.011                        3.7851521195485474E12
0.012                        4.594802270570255E12
0.013000000000000001                        5.2487357708462705E12
0.014                        6.000773038650014E12
0.0                        6.075050894766446E12
0.001                        6.119974925157446E12
0.0                        6.1306500344072705E12
0.001                        6.201211091078796E12
0.0                        6.266241782433522E12
0.001                        6.421009831613827E12
0.0                        6.445914263013237E12
0.001                        6.506417648996879E12
0.0                        6.586793547549171E12
0.001                        6.688983397736701E12
0.0                        6.744288345658131E12
0.001                        6.790484749028223E12
0.0                        6.852972238487019E12
0.001                        6.931266582084472E12
0.0                        6.969539105810486E12
0.0                        6.982859339410091E12
0.0                        7.046202882018385E12
0.0                        7.070965979633839E12
0.0                        7.105371665044115E12
0.0                        7.146930255424732E12
0.0                        7.182411332258191E12
0.0                        7.203024352270158E12
0.0                        4.289525031873077E10
0.001                        5.470755012278751E10
0.002                        1.6845294097490775E11
0.003                        2.0936068821363348E11
0.004                        4.44381423699945E11
0.005                        7.40731121278876E11
0.006                        1.161876592625526E12
0.007                        1.732671188481534E12
0.008                        2.340202225651851E12
0.009000000000000001                        2.4093853326142896E12
0.01                        2.4848286246003784E12
0.011                        3.344029269305092E12
0.012                        3.958505805923947E12
0.013000000000000001                        4.95929088724589E12
0.014                        5.937766733612199E12
0.0                        5.9708435624090625E12
0.001                        6.077714845872933E12
0.002                        6.145922191497524E12
0.0                        6.151358197822994E12
0.001                        6.179559855557514E12
0.002                        6.334178613268145E12
0.0                        6.34090674626764E12
0.001                        6.394749301365744E12
0.002                        6.546061786269688E12
0.0                        6.586047830181688E12
0.001                        6.590802259013917E12
0.002                        6.642706592529203E12
0.0                        6.643807556969378E12
0.001                        6.793619426800694E12
0.002                        7.0402362900288955E12
0.0                        7.04340966706879E12
0.0                        7.047226491808755E12
0.0                        7.118172047642396E12
0.0                        7.145026217382815E12
0.0                        7.086050154929948E12
0.0                        5.631200931993695E10
0.001                        1.0118001673429283E11
0.002                        1.1160207611165749E11
0.003                        3.779595349304943E11
0.004                        6.242644490463561E11
0.005                        6.39825343036119E11
0.006                        7.771981891437755E11
0.007                        1.0517379460906893E12
0.008                        1.7579058960976567E12
0.009000000000000001                        2.571124985946348E12
0.01                        2.9554079494316714E12
0.011                        3.537069172037651E12
0.012                        4.10205781045686E12
0.013000000000000001                        4.455910844389551E12
0.014                        5.088597915711828E12
0.015                        5.679243555248875E12
0.016                        5.811277872303597E12
0.0                        5.878778676676669E12
0.001                        5.94040639660238E12
0.002                        6.131992265900489E12
0.003                        6.416430237277771E12
0.004                        6.772979396544775E12
0.005                        6.97720361129407E12
0.006                        7.11523279010973E12
0.007                        7.55624741086285E12
0.008                        7.784804657681734E12
0.009000000000000001                        7.996478029011986E12
0.01                        8.51290224365204E12
0.011                        9.172719475936451E12
0.012                        9.770194656663164E12
0.013000000000000001                        1.0179271293749123E13
0.014                        1.092814179837569E13
0.015                        1.1143854589104135E13
0.016                        1.1779566841188115E13
0.0                        5.160976085358456E9
0.001                        1.371182521637546E11
0.002                        2.975212726874424E11
0.003                        5.194491275499984E11
0.004                        6.007753578473738E11
0.005                        6.927790107834568E11
0.006                        8.709371949950078E11
0.007                        1.0535636866004989E12
0.008                        1.2450929595185205E12
0.009000000000000001                        1.6591198086170417E12
0.01                        2.1532382153609595E12
0.011                        3.0891157829837305E12
0.0                        3.1683059108098027E12
0.001                        3.1875551168671943E12
0.002                        3.389544423842618E12
0.003                        3.5107259473166143E12
0.004                        3.911200297061792E12
0.005                        4.148348623025993E12
0.006                        4.3037629333123677E12
0.007                        4.940367840881632E12
0.008                        5.257474497540281E12
0.009000000000000001                        5.98496985277374E12
0.01                        6.109225880591618E12
0.011                        6.193330568010737E12
0.0                        6.204192974838221E12
0.001                        6.255331555484948E12
0.002                        6.386696471655179E12
0.0                        6.460176262684745E12
0.001                        6.465668940907905E12
0.002                        6.607317762720135E12
0.0                        6.670943256886692E12
0.001                        6.737904779570087E12
0.002                        6.946475978181373E12
0.0                        6.997174794452875E12
0.0                        7.014422827110941E12
0.0                        7.0512295105194795E12
0.0                        7.091080585824493E12
0.0                        7.147999940372523E12
0.0                        7.156197896650791E12
0.0                        7.180490340751309E12
